Food Name                  ID          weight      18:2_n_6_c  18:3_n_3_c  Calcium_Ca  Carbohydra  Cholestero  Energy_kca  saturated_  trans_Fatt  Fiber_tota  Histidine_  Iron_Fe_mg  Isoleucine  Leucine_g   Lysine_g    Magnesium_  Methionine  Phenylalan  Sodium_Na_  Threonine_  Tryptophan  Valine_g    Vitamin_A_  Vitamin_B_  Vitamin_B_  Vitamin_C_  Vitamin_D_  Vitamin_E_  Vitamin_K_  Zinc_Zn_mg  
-------------------------  ----------  ----------  ----------  ----------  ----------  ----------  ----------  ----------  ----------  ----------  ----------  ----------  ----------  ----------  ----------  ----------  ----------  ----------  ----------  ----------  ----------  ----------  ----------  ----------  ----------  ----------  ----------  ----------  ----------  ----------  ----------  
Millet flour               20647       0.0         0.000000    0.000000    0.000000    0.000000    0.000000    0.000000    0.000000    0.000000    0.000000    0.000000    0.000000    0.000000    0.000000    0.000000    0.000000    0.000000    0.000000    0.000000    0.000000    0.000000    0.000000    0.000000    0.000000    0.000000    0.000000    0.000000    0.000000    0.000000    0.000000    
Yogurt, plain, skim milk   1118        95.8909512  0.000000    0.000000    115.835390  17.277028   5.820874    14.172562   3.302713    0.000000    0.000000    75.692682   3.469395    122.937484  102.522717  100.942279  27.649151   66.378386   70.782188   19.487273   87.686241   47.761016   147.387511  0.407461    136.566656  18.147430   5.820874    0.000000    0.000000    0.970146    37.641651   
Chicken, gizzard, all cla  5023        18.0962995  0.000000    0.617907    1.208351    0.000000    131.820084  4.489525    2.842371    0.010858    0.000000    0.000000    18.114349   0.000000    0.000000    0.000000    4.119378    0.000000    0.000000    3.295502    0.000000    0.000000    0.000000    0.703040    51.122533   7.237181    4.516058    0.000000    2.416702    0.000000    19.919479   
Chicken, heart, all class  5025        1.94764614  0.000000    0.000000    0.141874    0.032441    8.039509    0.786474    1.538250    0.000000    0.000000    4.417313    4.666486    6.645343    4.890081    5.197408    0.443355    2.999579    3.196843    0.380386    5.335421    6.032663    5.557730    0.035468    33.149333   2.503653    0.420366    0.000000    0.000000    0.000000    5.194153    
Fish oil, cod liver        4589        8.74582128  0.000000    0.000000    0.000000    0.000000    151.305954  20.820438   58.708095   0.000000    0.000000    0.000000    0.000000    0.000000    0.000000    0.000000    0.000000    0.000000    0.000000    0.000000    0.000000    0.000000    0.000000    530.898086  0.000000    0.000000    0.000000    663.622607  0.000000    0.000000    0.000000    
Chicken, ground, raw       5332        21.3807329  9.947837    4.623683    0.778726    0.020064    55.808661   8.069402    14.607452   0.013897    0.000000    62.873290   7.048068    69.535319   53.919689   66.076068   6.813848    39.058882   34.438586   3.385763    60.484342   48.919936   57.267385   0.000000    27.954249   39.088967   0.000000    0.000000    2.336177    0.865251    12.719183   
Oil, almond                4529        19.8771538  0.000000    0.000000    0.000000    0.000000    0.000000    46.375562   48.395313   0.000000    0.000000    0.000000    0.000000    0.000000    0.000000    0.000000    0.000000    0.000000    0.000000    0.000000    0.000000    0.000000    0.000000    0.000000    0.000000    0.000000    0.000000    0.000000    315.325845  7.038523    0.000000    
Wheat, soft white          20075       137.631792  0.000000    0.000000    28.405880   243.326752  0.000000    123.503825  15.038407   0.000000    353.681052  0.000000    297.116429  0.000000    0.000000    0.000000    187.980087  0.000000    0.000000    0.726493    0.000000    0.000000    0.000000    0.751920    0.000000    185.768556  0.000000    0.000000    56.254782   13.228228   192.714400  
Noodles, flat, crunchy, C  20118       61.3111665  323.487945  468.478456  7.815728    74.651259   0.000000    84.306300   89.765577   0.083383    23.571243   0.000000    43.379632   0.000000    0.000000    0.000000    19.539320   0.000000    0.000000    61.166567   0.000000    0.000000    0.000000    0.037218    0.000000    5.911055    0.000000    0.000000    81.630936   19.539320   15.631456   
Pasta, whole-wheat, dry (  20124       23.7850457  9.011166    6.316734    4.187092    40.940459   0.000000    22.096800   3.022616    0.000476    44.277299   0.000000    34.613552   0.000000    0.000000    0.000000    46.202399   0.000000    0.000000    0.376650    0.000000    0.000000    0.000000    0.000000    0.000000    24.035439   0.000000    0.000000    4.427730    1.684462    28.587735   
Rice, white, steamed, Chi  20058       133.972325  0.000000    0.000000    4.066265    106.485064  0.000000    53.391825   0.000000    0.000000    24.397589   0.000000    21.004547   0.000000    0.000000    0.000000    10.165662   0.000000    0.000000    1.767941    0.000000    0.000000    0.000000    0.000000    0.000000    10.524450   0.000000    0.000000    0.000000    0.000000    36.867468   
Vanilla extract            2050        52.5169174  0.000000    0.000000    3.506731    15.585472   0.000000    39.918521   0.155932    0.000000    0.000000    0.000000    2.533460    0.000000    0.000000    0.000000    9.563812    0.000000    0.000000    1.247454    0.000000    0.000000    0.000000    0.000000    0.000000    4.875669    0.000000    0.000000    0.000000    0.000000    2.337821    
Salt, table                2047        4.71185826  0.000000    0.000000    0.686458    0.000000    0.000000    0.000000    0.000000    0.000000    0.000000    0.000000    0.625086    0.000000    0.000000    0.000000    0.071506    0.000000    0.000000    481.988083  0.000000    0.000000    0.000000    0.000000    0.000000    0.000000    0.000000    0.000000    0.000000    0.000000    0.190683    
Plums, dried (prunes), st  9292        22.4280193  0.000000    0.000000    2.586754    14.774685   0.000000    6.333699    0.066593    0.000000    14.068310   0.000000    3.696651    0.000000    0.000000    0.000000    6.126522    0.000000    0.000000    0.059193    0.000000    0.000000    0.000000    4.656157    0.000000    17.458586   4.386892    0.000000    1.724502    29.611523   1.724502    
Litchis, raw               9164        14.1916159  0.000000    0.000000    0.430737    5.503448    0.000000    2.472057    0.417160    0.000000    3.733056    0.000000    1.768590    0.000000    0.000000    1.191648    2.153686    0.523163    0.000000    0.037455    0.000000    1.546236    0.000000    0.000000    0.000000    5.067497    68.439361   0.000000    0.402021    0.287158    0.402021    
Amaranth leaves, raw       11003       5.18397573  0.000000    0.000000    6.765688    0.488899    0.000000    0.314683    0.140068    0.000000    0.000000    1.498491    4.834867    2.526808    1.873114    1.348339    4.326894    0.764413    1.625985    0.273638    1.997028    2.501328    2.302970    9.179308    0.000000    3.554069    15.139757   0.000000    0.000000    298.949014  1.888099    
Rhubarb, raw               9307        153.216307  0.000000    0.000000    79.986004   16.318906   0.000000    8.491942    2.411105    0.000000    55.804189   0.000000    13.550686   0.000000    0.000000    0.000000    27.902095   0.000000    0.000000    1.617513    0.000000    0.000000    0.000000    9.486712    0.000000    13.130397   82.672873   0.000000    16.741257   227.092047  6.200465    
Chicken, broilers or frye  5105        0.0         0.000000    0.000000    0.000000    0.000000    0.000000    0.000000    0.000000    0.000000    0.000000    0.000000    0.000000    0.000000    0.000000    0.000000    0.000000    0.000000    0.000000    0.000000    0.000000    0.000000    0.000000    0.000000    0.000000    0.000000    0.000000    0.000000    0.000000    0.000000    0.000000    
Fish, anchovy, european,   15001       9.74262606  0.000000    0.000000    8.693686    0.000000    17.742215   3.368450    3.708509    0.000000    0.000000    32.440742   12.728963   37.431845   29.859203   37.292174   6.061924    24.023423   18.243096   2.674189    33.816359   34.574574   33.108693   0.295704    14.102787   4.974778    0.000000    0.000000    2.247347    0.049284    6.781469    
Seeds, pumpkin and squash  12014       0.0         0.000000    0.000000    0.000000    0.000000    0.000000    0.000000    0.000000    0.000000    0.000000    0.000000    0.000000    0.000000    0.000000    0.000000    0.000000    0.000000    0.000000    0.000000    0.000000    0.000000    0.000000    0.000000    0.000000    0.000000    0.000000    0.000000    0.000000    0.000000    0.000000    
Chicken, broilers or frye  5105        0.0         0.000000    0.000000    0.000000    0.000000    0.000000    0.000000    0.000000    0.000000    0.000000    0.000000    0.000000    0.000000    0.000000    0.000000    0.000000    0.000000    0.000000    0.000000    0.000000    0.000000    0.000000    0.000000    0.000000    0.000000    0.000000    0.000000    0.000000    0.000000    0.000000    
Pork, fresh, variety meat  10122       30.2685954  0.000000    0.000000    3.491053    0.000000    134.129928  21.649321   57.958868   0.000000    0.000000    101.797138  60.719254   136.254959  108.359267  122.121142  9.186981    66.949662   71.311533   8.707661    119.901885  130.973375  122.983842  0.000000    168.899118  24.858891   3.470637    0.000000    0.000000    0.000000    55.489367   
Cheese, gruyere            1023        10.3934781  0.000000    0.000000    63.785597   0.087780    34.700374   11.329055   58.365550   0.000000    0.000000    64.535994   0.710303    68.625940   59.740571   57.684955   5.678243    34.994121   42.722860   19.585824   44.042783   68.106562   75.595318   5.981083    38.825594   3.006129    0.000000    1.892748    1.177710    1.419561    16.403813   
Nuts, walnuts, black, dri  12154       45.5448601  549.039323  462.570915  16.864745   10.236113   0.000000    74.406820   47.100779   0.000000    62.666811   170.136137  57.125180   180.209987  142.117686  66.506067   138.926790  87.120149   117.505640  0.240410    127.779328  225.430382  187.710964  1.105885    0.000000    94.813366   5.222234    0.000000    38.337343   6.220603    62.113868   
Nuts, pistachio nuts, raw  12151       22.2594732  112.000081  0.000000    14.187790   14.188442   0.000000    32.899222   39.040655   0.000000    47.743038   63.353814   35.077979   83.607757   66.158540   51.878750   40.874346   32.823111   57.324403   0.058749    59.245715   86.963009   90.153385   6.972285    0.000000    135.121806  8.407579    0.000000    25.763224   0.000000    19.817865   
Nuts, almonds              12061       5.00887042  22.034954   0.057010    8.179046    2.532312    0.000000    7.654223    5.654408    0.000751    12.668906   15.007781   7.470460    15.407852   13.671281   5.826671    20.523628   3.221082    13.371750   0.013220    11.713865   16.450087   13.887070   0.006081    0.000000    2.450315    0.000000    0.000000    51.952650   0.000000    6.324318    
Soy flour, full-fat, raw   16115       5.78159536  0.000000    0.000000    7.229787    4.329530    0.000000    6.622472    5.127648    0.000000    11.230736   29.921633   14.805420   39.666589   30.125182   27.210096   37.640515   11.035600   24.569963   0.198369    33.746203   45.174917   32.321363   0.421153    0.000000    9.517223    0.000000    0.000000    4.562487    20.472696   9.171768    
-------------------------  ----------  ----------  ----------  ----------  ----------  ----------  ----------  ----------  ----------  ----------  ----------  ----------  ----------  ----------  ----------  ----------  ----------  ----------  ----------  ----------  ----------  ----------  ----------  ----------  ----------  ----------  ----------  ----------  ----------  ----------  ----------  
Total                                              1025.52130  942.664704  378.833379  566.778657  539.367599  593.473177  457.368067  0.10936547  653.842229  621.675014  645.059354  762.849883  613.237331  543.275597  611.950141  369.891569  455.092847  607.288332  585.749170  714.434084  768.276230  570.937560  470.620269  612.045458  198.496632  665.515354  605.300712  627.427816  538.121585  
-------------------------  ----------  ----------  ----------  ----------  ----------  ----------  ----------  ----------  ----------  ----------  ----------  ----------  ----------  ----------  ----------  ----------  ----------  ----------  ----------  ----------  ----------  ----------  ----------  ----------  ----------  ----------  ----------  ----------  ----------  ----------  ----------  
Required                                           607.030567  607.030567  607.030567  607.030567  607.030567  607.030567  607.030567  0.0         607.030567  607.030567  607.030567  607.030567  607.030567  607.030567  607.030567  607.030567  607.030567  607.030567  607.030567  607.030567  607.030567  607.030567  607.030567  607.030567  607.030567  607.030567  607.030567  607.030567  607.030567  
-------------------------  ----------  ----------  ----------  ----------  ----------  ----------  ----------  ----------  ----------  ----------  ----------  ----------  ----------  ----------  ----------  ----------  ----------  ----------  ----------  ----------  ----------  ----------  ----------  ----------  ----------  ----------  ----------  ----------  ----------  ----------  ----------  
Difference                                         -418.49073  -335.63413  228.197187  40.2519097  67.6629670  13.5573891  149.662499  -0.1093654  -46.811662  -14.644447  -38.028787  -155.81931  -6.2067641  63.7549693  -4.9195741  237.138997  151.937719  -0.2577651  21.2813970  -107.40351  -161.24566  36.0930061  136.410297  -5.0148915  408.533934  -58.484787  1.72985413  -20.397249  68.9089812  
-------------------------  ----------  ----------  ----------  ----------  ----------  ----------  ----------  ----------  ----------  ----------  ----------  ----------  ----------  ----------  ----------  ----------  ----------  ----------  ----------  ----------  ----------  ----------  ----------  ----------  ----------  ----------  ----------  ----------  ----------  ----------  ----------  
