Food Name                  ID          weight      18:2_n_6_c  18:3_n_3_c  Calcium_Ca  Carbohydra  Cholestero  Energy_kca  saturated_  trans_Fatt  Fiber_tota  Histidine_  Iron_Fe_mg  Isoleucine  Leucine_g   Lysine_g    Magnesium_  Methionine  Phenylalan  Sodium_Na_  Threonine_  Tryptophan  Valine_g    Vitamin_A_  Vitamin_B_  Vitamin_B_  Vitamin_C_  Vitamin_D_  Vitamin_E_  Vitamin_K_  Zinc_Zn_mg  
-------------------------  ----------  ----------  ----------  ----------  ----------  ----------  ----------  ----------  ----------  ----------  ----------  ----------  ----------  ----------  ----------  ----------  ----------  ----------  ----------  ----------  ----------  ----------  ----------  ----------  ----------  ----------  ----------  ----------  ----------  ----------  ----------  
Cheese, white, queso blan  1229        84.0196117  0.512520    0.088221    579.735321  2.125696    58.813728   260.460796  11.477919   0.747775    0.000000    0.000000    0.151235    0.000000    0.000000    0.000000    24.365687   0.000000    0.000000    591.498067  0.000000    0.000000    0.000000    466.308845  1.470343    0.072257    0.000000    22.685295   0.394892    1.344314    2.571000    
Cranberries, dried, sweet  9079        13.5373544  0.021524    0.003114    1.218362    11.208930   0.000000    41.695052   0.011913    0.000406    0.717480    0.000000    0.052796    0.000000    0.000000    0.000000    0.541494    0.000000    0.000000    0.676868    0.000000    0.000000    0.000000    6.227183    0.000000    0.005144    0.027075    0.000000    0.284284    1.028839    0.013537    
Millet flour               20647       42.4066461  1.080945    0.018659    5.936930    31.855873   0.000000    161.993388  0.227300    0.000848    1.484233    0.108985    1.670822    0.200583    0.651790    0.061066    50.463909   0.135277    0.286245    1.696266    0.150120    0.072091    0.247655    0.000000    0.000000    0.157753    0.000000    0.000000    0.046647    0.339253    1.115295    
Yogurt, plain, skim milk   1118        72.4127734  0.000000    0.000000    144.101419  5.561301    1.448255    40.551153   0.083999    0.000000    0.000000    0.102826    0.065171    0.226652    0.417822    0.372202    13.758427   0.122378    0.226652    55.757836   0.170170    0.023172    0.343237    5.068894    0.441718    0.038379    0.651715    0.000000    0.000000    0.144826    0.702404    
Nuts, pistachio nuts, raw  12151       11.0361998  1.555111    0.000000    11.588010   2.998535    0.000000    61.802719   0.651908    0.000000    1.169837    0.056505    0.432619    0.101202    0.177021    0.125592    13.353802   0.039730    0.120515    0.110362    0.075488    0.027701    0.137842    56.946791   0.000000    0.187615    0.618027    0.000000    0.315635    0.000000    0.242796    
Chicken, broilers or frye  5080        12.1085038  0.074588    0.003027    1.210850    0.000000    11.018739   14.530205   0.127139    0.001816    0.000000    0.069503    0.094446    0.112125    0.194947    0.216258    2.784956    0.066112    0.092630    11.624164   0.108371    0.026275    0.112972    3.874721    0.069018    0.049161    0.000000    0.121085    0.021795    0.339038    0.213110    
Chicken, gizzard, all cla  5023        3.08514864  0.000000    0.000278    0.339366    0.000000    7.404357    2.900040    0.016320    0.001851    0.000000    0.000000    0.076820    0.000000    0.000000    0.000000    0.462772    0.000000    0.000000    2.128753    0.000000    0.000000    0.000000    1.974495    0.037330    0.003455    0.114150    0.000000    0.010181    0.000000    0.083916    
Fish oil, cod liver        4589        7.50885914  0.000000    0.000000    0.000000    0.000000    42.800497   67.729909   1.697603    0.000000    0.000000    0.000000    0.000000    0.000000    0.000000    0.000000    0.000000    0.000000    0.000000    0.000000    0.000000    0.000000    0.000000    7508.85914  0.000000    0.000000    0.000000    750.885914  0.000000    0.000000    0.000000    
Chicken, ground, raw       5332        63.8119468  0.831470    0.036373    3.828717    0.025525    54.878274   91.251084   1.468313    0.041478    0.000000    0.337565    0.523258    0.506667    0.868481    0.962922    13.400509   0.284601    0.435836    38.287168   0.463913    0.093804    0.527087    0.000000    0.357347    0.326717    0.000000    0.000000    0.172292    0.510496    0.938036    
Grapefruit, raw, pink and  9111        188.511970  0.000000    0.000000    22.621436   15.231767   0.000000    60.323830   0.026392    0.000000    2.073632    0.011311    0.169661    0.013196    0.022621    0.030162    15.080958   0.011311    0.071635    0.000000    0.020736    0.011311    0.022621    1747.50596  0.000000    0.079175    64.848118   0.000000    0.245066    0.000000    0.131958    
Oil, almond                4529        23.1834505  0.000000    0.000000    0.000000    0.000000    0.000000    204.941703  1.901043    0.000000    0.000000    0.000000    0.000000    0.000000    0.000000    0.000000    0.000000    0.000000    0.000000    0.000000    0.000000    0.000000    0.000000    0.000000    0.000000    0.000000    0.000000    0.000000    9.087913    1.622842    0.000000    
Wheat, soft white          20075       97.1621582  0.000000    0.000000    33.035134   73.221402   0.000000    330.351338  0.357557    0.000000    12.339594   0.000000    5.217608    0.000000    0.000000    0.000000    87.445942   0.000000    0.000000    1.943243    0.000000    0.000000    0.000000    8.744594    0.000000    0.367273    0.000000    0.000000    0.981338    1.846081    3.361811    
Noodles, flat, crunchy, C  20118       66.8038054  9.870930    1.345429    14.028799   34.671175   0.000000    348.047827  3.294096    0.090853    1.269272    0.000000    1.175747    0.000000    0.000000    0.000000    14.028799   0.000000    0.000000    252.518385  0.000000    0.000000    0.000000    0.668038    0.000000    0.018037    0.000000    0.000000    2.197845    4.208640    0.420864    
Pasta, whole-wheat, dry (  20124       28.3718687  0.301026    0.019860    8.227842    20.816440   0.000000    99.868978   0.121432    0.000567    2.610212    0.000000    1.027062    0.000000    0.000000    0.000000    36.315992   0.000000    0.000000    1.702312    0.000000    0.000000    0.000000    0.000000    0.000000    0.080292    0.000000    0.000000    0.130511    0.397206    0.842645    
Rice, white, steamed, Chi  20058       228.950528  0.000000    0.000000    11.447526   77.568439   0.000000    345.715298  0.000000    0.000000    2.060555    0.000000    0.892907    0.000000    0.000000    0.000000    11.447526   0.000000    0.000000    11.447526   0.000000    0.000000    0.000000    0.000000    0.000000    0.050369    0.000000    0.000000    0.000000    0.000000    1.556864    
Vanilla extract            2050        26.9279693  0.000000    0.000000    2.962077    3.406388    0.000000    77.552552   0.002693    0.000000    0.000000    0.000000    0.032314    0.000000    0.000000    0.000000    3.231356    0.000000    0.000000    2.423517    0.000000    0.000000    0.000000    0.000000    0.000000    0.007001    0.000000    0.000000    0.000000    0.000000    0.029621    
Salt, table                2047        0.79033199  0.000000    0.000000    0.189680    0.000000    0.000000    0.000000    0.000000    0.000000    0.000000    0.000000    0.002608    0.000000    0.000000    0.000000    0.007903    0.000000    0.000000    306.316875  0.000000    0.000000    0.000000    0.000000    0.000000    0.000000    0.000000    0.000000    0.000000    0.000000    0.000790    
Litchis, dried             9165        10.7042965  0.000000    0.000000    3.532418    7.567938    0.000000    29.650901   0.028902    0.000000    0.492398    0.000000    0.181973    0.000000    0.000000    0.020017    4.495805    0.004496    0.000000    0.321129    0.000000    0.003532    0.000000    0.000000    0.000000    0.009634    19.588863   0.000000    0.033183    0.171269    0.029972    
Nuts, walnuts, black, dri  12154       5.20145416  1.756011    0.139243    3.172887    0.498299    0.000000    32.197001   0.181167    0.000000    0.353699    0.034954    0.162285    0.050246    0.087592    0.037086    10.454923   0.024291    0.056904    0.104029    0.037502    0.016541    0.066110    2.080582    0.000000    0.030324    0.088425    0.000000    0.108190    0.140439    0.175289    
Pigeon peas (red gram), m  16101       32.4701987  0.000000    0.000000    42.211258   20.384791   0.000000    111.372782  0.107152    0.000000    4.870530    0.251319    1.698191    0.254891    0.502963    0.493872    59.420464   0.078903    0.603296    5.519934    0.249046    0.068837    0.304246    9.091656    0.000000    0.091891    0.000000    0.000000    0.000000    0.000000    0.896177    
Fish, anchovy, european,   15002       27.4875612  0.000000    0.000000    63.771142   0.000000    23.364427   57.723879   0.605551    0.000000    0.000000    0.233644    1.272674    0.365859    0.645408    0.729245    18.966417   0.235019    0.310060    1008.24374  0.347993    0.089060    0.409015    10.995025   0.241891    0.055800    0.000000    18.966417   0.915336    3.325995    0.670696    
Seeds, watermelon seed ke  12174       3.77194683  0.000000    0.000000    2.036851    0.577485    0.000000    21.009744   0.368859    0.000000    0.000000    0.029233    0.274598    0.050620    0.081059    0.033457    19.425526   0.031458    0.076608    3.734227    0.041944    0.014711    0.058691    0.000000    0.000000    0.003357    0.000000    0.000000    0.000000    0.000000    0.386247    
Raisins, golden, seedless  9297        8.89250991  0.003379    0.001690    5.691206    7.115786    0.000000    26.766455   0.005780    0.000000    0.293453    0.000000    0.087147    0.000000    0.000000    0.000000    3.112378    0.000000    0.000000    2.134202    0.000000    0.000000    0.000000    0.000000    0.000000    0.028723    0.284560    0.000000    0.010671    0.311238    0.032902    
Amaranth leaves, raw       11003       9.13478018  0.000000    0.000000    19.639777   0.367218    0.000000    2.100999    0.008313    0.000000    0.000000    0.004750    0.211927    0.010870    0.017813    0.011601    5.024129    0.003289    0.012149    1.826956    0.009043    0.002832    0.012515    266.461538  0.000000    0.017539    3.955360    0.000000    0.000000    104.136494  0.082213    
-------------------------  ----------  ----------  ----------  ----------  ----------  ----------  ----------  ----------  ----------  ----------  ----------  ----------  ----------  ----------  ----------  ----------  ----------  ----------  ----------  ----------  ----------  ----------  ----------  ----------  ----------  ----------  ----------  ----------  ----------  ----------  ----------  
Total                                              16.0075043  1.65589216  980.527010  315.202988  199.728277  2490.53763  22.7713480  0.88559454  29.7348934  1.24059534  15.4738689  1.89291127  3.66751720  3.09347971  407.589675  1.03686392  2.29252973  2300.01556  1.67432634  0.44986591  2.24199125  10094.8074  2.61764733  1.67989617  90.1762926  792.658711  14.9557799  119.866968  14.4981437  
-------------------------  ----------  ----------  ----------  ----------  ----------  ----------  ----------  ----------  ----------  ----------  ----------  ----------  ----------  ----------  ----------  ----------  ----------  ----------  ----------  ----------  ----------  ----------  ----------  ----------  ----------  ----------  ----------  ----------  ----------  ----------  ----------  
Required                                           17.0        1.6         1000.0      312.5       200.0       2500.0      22.2222222  0.0         30.0        1.19        15.1        1.615       3.57        3.23        400.0       1.615       2.805       2300.0      1.7         0.425       2.04        10000.0     2.6         1.7         90.0        800.0       15.0        120.0       15.0        
-------------------------  ----------  ----------  ----------  ----------  ----------  ----------  ----------  ----------  ----------  ----------  ----------  ----------  ----------  ----------  ----------  ----------  ----------  ----------  ----------  ----------  ----------  ----------  ----------  ----------  ----------  ----------  ----------  ----------  ----------  ----------  ----------  
Difference                                         0.99249568  -0.0558921  19.4729896  -2.7029888  0.27172258  9.46236718  -0.5491258  -0.8855945  0.26510650  -0.0505953  -0.3738689  -0.2779112  -0.0975172  0.13652028  -7.5896756  0.57813607  0.51247026  -0.0155659  0.02567365  -0.0248659  -0.2019912  -94.807468  -0.0176473  0.02010382  -0.1762926  7.34128827  0.04422006  0.13303152  0.50185620  
-------------------------  ----------  ----------  ----------  ----------  ----------  ----------  ----------  ----------  ----------  ----------  ----------  ----------  ----------  ----------  ----------  ----------  ----------  ----------  ----------  ----------  ----------  ----------  ----------  ----------  ----------  ----------  ----------  ----------  ----------  ----------  ----------  
