Food Name                  ID          weight      18:2_n_6_c  18:3_n_3_c  Calcium_Ca  Carbohydra  Cholestero  Energy_kca  saturated_  trans_Fatt  Fiber_tota  Histidine_  Iron_Fe_mg  Isoleucine  Leucine_g   Lysine_g    Magnesium_  Methionine  Phenylalan  Sodium_Na_  Threonine_  Tryptophan  Valine_g    Vitamin_A_  Vitamin_B_  Vitamin_B_  Vitamin_C_  Vitamin_D_  Vitamin_E_  Vitamin_K_  Zinc_Zn_mg  
-------------------------  ----------  ----------  ----------  ----------  ----------  ----------  ----------  ----------  ----------  ----------  ----------  ----------  ----------  ----------  ----------  ----------  ----------  ----------  ----------  ----------  ----------  ----------  ----------  ----------  ----------  ----------  ----------  ----------  ----------  ----------  ----------  
Cheese, white, queso blan  1229        70.3777344  15.329456   28.035942   294.777909  4.177207    149.525026  57.581066   285.465100  0.626362    0.000000    0.000000    5.092622    0.000000    0.000000    0.000000    30.973041   0.000000    0.000000    130.764743  0.000000    0.000000    0.000000    23.710397   287.548127  21.612021   0.000000    14.418485   13.386050   5.696191    87.151730   
Millet flour               20647       31.2131626  28.409870   5.210520    2.652628    55.007709   0.000000    31.469067   4.967499    0.000624    22.105234   44.592192   49.438765   60.472966   88.895200   9.205187    56.368348   40.784094   49.687090   0.329519    42.995896   82.590986   59.109235   0.000000    0.000000    41.461247   0.000000    0.000000    1.389472    1.263156    33.221010   
Yogurt, plain, skim milk   1118        78.6472110  0.000000    0.000000    95.005110   14.170160   4.774126    11.623959   2.708798    0.000000    0.000000    62.081127   2.845506    100.830059  84.086409   82.790176   22.677099   54.441789   58.053670   15.982944   71.917925   39.172317   120.883321  0.334189    112.008343  14.884040   4.774126    0.000000    0.000000    0.795688    30.872682   
Nuts, pistachio nuts, raw  12151       10.0843359  50.740035   0.000000    6.427575    6.427871    0.000000    14.904522   17.686811   0.000000    21.629301   28.701539   15.891577   37.877299   29.972180   23.502926   18.517538   14.870041   25.970001   0.026615    26.840424   39.397347   40.842702   3.158694    0.000000    61.215002   3.808933    0.000000    11.671660   0.000000    8.978200    
Chicken, gizzard, all cla  5023        10.8912431  0.000000    0.371887    0.727245    0.000000    79.335810   2.702017    1.710678    0.006535    0.000000    0.000000    10.902106   0.000000    0.000000    0.000000    2.479244    0.000000    0.000000    1.983395    0.000000    0.000000    0.000000    0.423124    30.768055   4.355692    2.717986    0.000000    1.454490    0.000000    11.988522   
Chicken, heart, all class  5025        1.79805639  0.000000    0.000000    0.130977    0.029950    7.422031    0.726068    1.420104    0.000000    0.000000    4.078039    4.308074    6.134945    4.514496    4.798219    0.409303    2.769195    2.951308    0.351170    4.925632    5.569322    5.130866    0.032744    30.603285   2.311359    0.388080    0.000000    0.000000    0.000000    4.795214    
Fish oil, cod liver        4589        7.53053247  0.000000    0.000000    0.000000    0.000000    130.281007  17.927303   50.550223   0.000000    0.000000    0.000000    0.000000    0.000000    0.000000    0.000000    0.000000    0.000000    0.000000    0.000000    0.000000    0.000000    0.000000    457.126340  0.000000    0.000000    0.000000    571.407925  0.000000    0.000000    0.000000    
Chicken, ground, raw       5332        68.4913449  31.867042   14.811571   2.494580    0.064273    178.778262  25.849637   46.793719   0.044519    0.000000    201.409193  22.577880   222.750431  172.727102  211.669018  21.827578   125.121779  110.321057  10.846002   193.756405  156.710820  183.451158  0.000000    89.549040   125.218153  0.000000    0.000000    7.483741    2.771756    40.744813   
Grapefruit, raw, pink and  9111        186.500538  0.000000    0.000000    13.585383   35.352624   0.000000    15.751169   0.775253    0.000000    41.510893   6.220414    6.747707    5.347373    4.146942    6.111284    22.642305   4.583463    16.713435   0.000000    7.982864    17.417158   7.257149    104.947086  0.000000    27.969907   432.719616  0.000000    9.811666    0.000000    5.283205    
Oil, almond                4529        22.8214686  0.000000    0.000000    0.000000    0.000000    0.000000    53.244969   55.563896   0.000000    0.000000    0.000000    0.000000    0.000000    0.000000    0.000000    0.000000    0.000000    0.000000    0.000000    0.000000    0.000000    0.000000    0.000000    0.000000    0.000000    0.000000    0.000000    362.033667  8.081109    0.000000    
Wheat, soft white          20075       121.544372  0.000000    0.000000    25.085591   214.884924  0.000000    109.067786  13.280607   0.000000    312.340199  0.000000    262.387266  0.000000    0.000000    0.000000    166.007586  0.000000    0.000000    0.641575    0.000000    0.000000    0.000000    0.664030    0.000000    164.054556  0.000000    0.000000    49.679307   11.682015   170.188518  
Noodles, flat, crunchy, C  20118       65.1032195  343.495449  497.453522  8.299125    79.268388   0.000000    89.520585   95.317516   0.088540    25.029108   0.000000    46.062632   0.000000    0.000000    0.000000    20.747813   0.000000    0.000000    64.949676   0.000000    0.000000    0.000000    0.039520    0.000000    6.276649    0.000000    0.000000    86.679753   20.747813   16.598251   
Pasta, whole-wheat, dry (  20124       9.91584912  3.756704    2.633410    1.745575    17.067843   0.000000    9.212029    1.260111    0.000198    18.458952   0.000000    14.430191   0.000000    0.000000    0.000000    19.261515   0.000000    0.000000    0.157023    0.000000    0.000000    0.000000    0.000000    0.000000    10.020237   0.000000    0.000000    1.845895    0.702243    11.918063   
Rice, white, steamed, Chi  20058       130.045274  0.000000    0.000000    3.947073    103.363731  0.000000    51.826782   0.000000    0.000000    23.682437   0.000000    20.388853   0.000000    0.000000    0.000000    9.867682    0.000000    0.000000    1.716119    0.000000    0.000000    0.000000    0.000000    0.000000    10.215953   0.000000    0.000000    0.000000    0.000000    35.786794   
Vanilla extract            2050        46.9790991  0.000000    0.000000    3.136952    13.942011   0.000000    35.709182   0.139489    0.000000    0.000000    0.000000    2.266311    0.000000    0.000000    0.000000    8.555325    0.000000    0.000000    1.115912    0.000000    0.000000    0.000000    0.000000    0.000000    4.361538    0.000000    0.000000    0.000000    0.000000    2.091302    
Salt, table                2047        1.30320364  0.000000    0.000000    0.189860    0.000000    0.000000    0.000000    0.000000    0.000000    0.000000    0.000000    0.172886    0.000000    0.000000    0.000000    0.019777    0.000000    0.000000    133.308048  0.000000    0.000000    0.000000    0.000000    0.000000    0.000000    0.000000    0.000000    0.000000    0.000000    0.052739    
Rye grain                  20062       5.23074322  0.000000    0.000000    0.762053    9.309073    0.000000    4.666194    0.305960    0.000000    15.981946   5.495575    5.530352    4.456451    5.456805    3.063810    8.731858    3.278062    5.366050    0.027611    5.882300    8.792920    5.376843    0.034927    0.000000    5.491265    0.000000    0.000000    1.799292    1.561150    5.609557    
Nuts, walnuts, black, dri  12154       7.84530336  94.574449   79.679884   2.905027    1.763216    0.000000    12.816904   8.113317    0.000000    10.794635   29.306701   9.840065    31.041966   24.480399   11.455964   23.930753   15.006831   20.240866   0.041412    22.010554   38.831379   32.334043   0.190494    0.000000    16.332021   0.899553    0.000000    6.603777    1.071526    10.699388   
Pigeon peas (red gram), m  16101       20.8527701  0.000000    0.000000    16.455750   30.712507   0.000000    18.877331   2.043210    0.000000    63.291344   89.720697   43.842878   67.049535   59.852437   64.956906   57.911580   20.755461   91.371653   0.935611    62.236489   68.809051   63.358963   0.354432    0.000000    21.072295   0.000000    0.000000    0.000000    0.000000    23.291215   
Fish, anchovy, european,   15002       24.7715898  0.000000    0.000000    34.886100   0.000000    63.907727   13.729537   16.203306   0.000000    0.000000    117.047119  46.107172   135.049908  107.775151  134.593316  25.939019   86.752571   65.896902   239.809251  122.031949  124.923702  119.525764  0.601484    50.894841   17.956081   0.000000    12.969509   33.382389   15.162422   24.460369   
Seeds, watermelon seed ke  12174       8.64420564  0.000000    0.000000    2.833540    3.104778    0.000000    12.707585   25.098905   0.000000    0.000000    37.240432   25.298227   47.516010   34.421372   15.702944   67.558950   29.529323   41.403498   2.258619    37.403810   52.472971   43.615354   0.000000    0.000000    2.747114    0.000000    0.000000    0.000000    0.000000    35.821548   
Plums, dried (prunes), st  9292        13.9288453  0.000000    0.000000    1.606495    9.175768    0.000000    3.933522    0.041357    0.000000    8.737076    0.000000    2.295792    0.000000    0.000000    0.000000    3.804856    0.000000    0.000000    0.036762    0.000000    0.000000    0.000000    2.891690    0.000000    10.842595   2.724465    0.000000    1.070996    18.390136   1.070996    
Litchis, raw               9164        14.6193366  0.000000    0.000000    0.443719    5.669317    0.000000    2.546562    0.429732    0.000000    3.845566    0.000000    1.821893    0.000000    0.000000    1.227563    2.218596    0.538930    0.000000    0.038584    0.000000    1.592838    0.000000    0.000000    0.000000    5.220226    70.502052   0.000000    0.414138    0.295813    0.414138    
Amaranth leaves, raw       11003       5.48731379  0.000000    0.000000    7.161579    0.517507    0.000000    0.333097    0.148264    0.000000    0.000000    1.586175    5.117777    2.674663    1.982719    1.427236    4.580080    0.809142    1.721129    0.289649    2.113883    2.647692    2.437727    9.716431    0.000000    3.762034    16.025653   0.000000    0.000000    316.441884  1.998580    
Rhubarb, raw               9307        136.206350  0.000000    0.000000    71.106020   14.507194   0.000000    7.549173    2.143426    0.000000    49.608851   0.000000    12.046299   0.000000    0.000000    0.000000    24.804425   0.000000    0.000000    1.437938    0.000000    0.000000    0.000000    8.433505    0.000000    11.672671   73.494594   0.000000    14.882655   201.880463  5.512095    
-------------------------  ----------  ----------  ----------  ----------  ----------  ----------  ----------  ----------  ----------  ----------  ----------  ----------  ----------  ----------  ----------  ----------  ----------  ----------  ----------  ----------  ----------  ----------  ----------  ----------  ----------  ----------  ----------  ----------  ----------  ----------  ----------  
Total                                              568.173004  628.196735  596.365867  618.516048  614.023989  604.276047  632.167282  0.76677891  617.015543  627.479203  615.412831  721.201606  618.311213  570.504548  619.834272  399.240680  489.696659  607.048179  600.098130  638.928502  683.323126  612.659087  601.371692  589.052654  608.055058  598.795918  603.588948  606.543365  568.548927  
-------------------------  ----------  ----------  ----------  ----------  ----------  ----------  ----------  ----------  ----------  ----------  ----------  ----------  ----------  ----------  ----------  ----------  ----------  ----------  ----------  ----------  ----------  ----------  ----------  ----------  ----------  ----------  ----------  ----------  ----------  ----------  ----------  
Required                                           607.030567  607.030567  607.030567  607.030567  607.030567  607.030567  607.030567  0.0         607.030567  607.030567  607.030567  607.030567  607.030567  607.030567  607.030567  607.030567  607.030567  607.030567  607.030567  607.030567  607.030567  607.030567  607.030567  607.030567  607.030567  607.030567  607.030567  607.030567  607.030567  
-------------------------  ----------  ----------  ----------  ----------  ----------  ----------  ----------  ----------  ----------  ----------  ----------  ----------  ----------  ----------  ----------  ----------  ----------  ----------  ----------  ----------  ----------  ----------  ----------  ----------  ----------  ----------  ----------  ----------  ----------  ----------  ----------  
Difference                                         38.8575621  -21.166168  10.6647000  -11.485481  -6.9934225  2.75451964  -25.136715  -0.7667789  -9.9849763  -20.448636  -8.3822648  -114.17103  -11.280646  36.5260180  -12.803705  207.789886  117.333907  -0.0176121  6.93243632  -31.897935  -76.292559  -5.6285206  5.65887504  17.9779121  -1.0244915  8.23464820  3.44161848  0.48720171  38.4816392  
-------------------------  ----------  ----------  ----------  ----------  ----------  ----------  ----------  ----------  ----------  ----------  ----------  ----------  ----------  ----------  ----------  ----------  ----------  ----------  ----------  ----------  ----------  ----------  ----------  ----------  ----------  ----------  ----------  ----------  ----------  ----------  ----------  
